ADC Channel - Charge distribution	Counts - Charge distribution
-985	0
-955	0
-925	0
-895	0
-865	0
-835	0
-805	0
-775	0
-745	0
-715	0
-685	0
-655	0
-625	0
-595	0
-565	0
-535	0
-505	0
-475	0
-445	0
-415	0
-385	0
-355	0
-325	0
-295	0
-265	0
-235	0
-205	0
-175	0
-145	0
-115	0
-85	0
-55	0
-25	0
5	0
35	0
65	0
95	0
125	0
155	0
185	0
215	0
245	0
275	0
305	0
335	0
365	0
395	0
425	0
455	0
485	0
515	0
545	0
575	0
605	0
635	0
665	0
695	0
725	0
755	0
785	0
815	0
845	0
875	0
905	0
935	0
965	0
995	0
1025	0
1055	0
1085	0
1115	0
1145	0
1175	0
1205	0
1235	0
1265	0
1295	0
1325	0
1355	0
1385	0
1415	0
1445	0
1475	0
1505	0
1535	0
1565	1
1595	0
1625	0
1655	0
1685	0
1715	0
1745	0
1775	0
1805	0
1835	0
1865	0
1895	0
1925	0
1955	0
1985	0
2015	0
2045	0
2075	0
2105	0
2135	0
2165	0
2195	0
2225	0
2255	0
2285	0
2315	1
2345	0
2375	0
2405	0
2435	1
2465	0
2495	1
2525	3
2555	10
2585	16
2615	29
2645	65
2675	111
2705	154
2735	200
2765	239
2795	316
2825	355
2855	417
2885	462
2915	489
2945	510
2975	487
3005	513
3035	480
3065	512
3095	500
3125	481
3155	523
3185	495
3215	528
3245	493
3275	547
3305	492
3335	516
3365	493
3395	488
3425	493
3455	554
3485	532
3515	544
3545	489
3575	497
3605	547
3635	492
3665	492
3695	482
3725	554
3755	491
3785	549
3815	537
3845	501
3875	509
3905	503
3935	529
3965	563
3995	465
4025	458
4055	507
4085	510
4115	513
4145	483
4175	505
4205	470
4235	467
4265	533
4295	503
4325	531
4355	492
4385	502
4415	552
4445	511
4475	492
4505	526
4535	513
4565	508
4595	506
4625	506
4655	519
4685	521
4715	535
4745	572
4775	544
4805	535
4835	489
4865	522
4895	536
4925	525
4955	503
4985	481
5015	566
5045	552
5075	546
5105	526
5135	551
5165	544
5195	512
5225	538
5255	511
5285	516
5315	559
5345	554
5375	564
5405	536
5435	554
5465	561
5495	488
5525	547
5555	575
5585	532
5615	513
5645	550
5675	572
5705	551
5735	606
5765	543
5795	529
5825	582
5855	557
5885	574
5915	562
5945	622
5975	593
6005	599
6035	621
6065	599
6095	605
6125	571
6155	598
6185	649
6215	650
6245	671
6275	604
6305	633
6335	619
6365	588
6395	659
6425	668
6455	669
6485	687
6515	638
6545	647
6575	641
6605	653
6635	656
6665	641
6695	711
6725	703
6755	718
6785	703
6815	681
6845	718
6875	688
6905	719
6935	746
6965	708
6995	708
7025	677
7055	698
7085	694
7115	697
7145	695
7175	706
7205	657
7235	684
7265	661
7295	715
7325	666
7355	734
7385	666
7415	693
7445	677
7475	683
7505	659
7535	666
7565	673
7595	661
7625	640
7655	623
7685	674
7715	655
7745	605
7775	598
7805	640
7835	632
7865	633
7895	592
7925	650
7955	628
7985	651
8015	655
8045	589
8075	610
8105	610
8135	589
8165	650
8195	597
8225	591
8255	548
8285	607
8315	536
8345	540
8375	595
8405	569
8435	583
8465	544
8495	587
8525	626
8555	582
8585	564
8615	607
8645	581
8675	552
8705	566
8735	577
8765	543
8795	532
8825	535
8855	529
8885	538
8915	502
8945	570
8975	561
9005	551
9035	574
9065	572
9095	505
9125	542
9155	586
9185	544
9215	544
9245	494
9275	558
9305	514
9335	483
9365	515
9395	528
9425	523
9455	545
9485	525
9515	534
9545	517
9575	482
9605	534
9635	511
9665	535
9695	529
9725	505
9755	487
9785	527
9815	491
9845	519
9875	487
9905	535
9935	493
9965	490
9995	518
10025	503
10055	515
10085	520
10115	443
10145	554
10175	476
10205	467
10235	530
10265	502
10295	477
10325	487
10355	486
10385	537
10415	499
10445	537
10475	475
10505	512
10535	498
10565	533
10595	450
10625	471
10655	521
10685	473
10715	505
10745	502
10775	446
10805	469
10835	455
10865	509
10895	498
10925	481
10955	512
10985	471
11015	464
11045	421
11075	473
11105	492
11135	441
11165	462
11195	475
11225	455
11255	480
11285	465
11315	459
11345	496
11375	492
11405	444
11435	476
11465	468
11495	429
11525	519
11555	450
11585	470
11615	472
11645	502
11675	452
11705	464
11735	486
11765	414
11795	479
11825	466
11855	439
11885	476
11915	487
11945	484
11975	464
12005	481
12035	489
12065	483
12095	446
12125	444
12155	484
12185	491
12215	454
12245	440
12275	455
12305	449
12335	436
12365	502
12395	454
12425	464
12455	462
12485	476
12515	458
12545	441
12575	446
12605	479
12635	481
12665	455
12695	447
12725	431
12755	428
12785	449
12815	427
12845	453
12875	443
12905	433
12935	424
12965	439
12995	457
13025	452
13055	416
13085	445
13115	431
13145	449
13175	456
13205	425
13235	437
13265	445
13295	425
13325	425
13355	431
13385	425
13415	461
13445	411
13475	412
13505	428
13535	446
13565	438
13595	407
13625	436
13655	427
13685	429
13715	419
13745	424
13775	382
13805	397
13835	404
13865	450
13895	430
13925	413
13955	383
13985	361
14015	444
14045	390
14075	401
14105	381
14135	411
14165	390
14195	395
14225	403
14255	392
14285	368
14315	391
14345	385
14375	412
14405	394
14435	343
14465	371
14495	387
14525	389
14555	365
14585	360
14615	349
14645	351
14675	386
14705	352
14735	385
14765	315
14795	343
14825	345
14855	351
14885	314
14915	330
14945	344
14975	324
15005	340
15035	301
15065	290
15095	285
15125	292
15155	295
15185	299
15215	310
15245	273
15275	285
15305	302
15335	274
15365	287
15395	273
15425	298
15455	283
15485	303
15515	303
15545	293
15575	269
15605	276
15635	264
15665	266
15695	242
15725	258
15755	251
15785	246
15815	264
15845	277
15875	237
15905	269
15935	257
15965	259
15995	246
16025	240
16055	262
16085	259
16115	239
16145	267
16175	260
16205	263
16235	245
16265	237
16295	244
16325	253
16355	275
16385	266
16415	240
16445	228
16475	285
16505	296
16535	289
16565	272
16595	302
16625	268
16655	299
16685	284
16715	273
16745	256
16775	300
16805	291
16835	320
16865	290
16895	337
16925	345
16955	313
16985	345
17015	289
17045	318
17075	362
17105	354
17135	352
17165	370
17195	382
17225	376
17255	394
17285	388
17315	370
17345	373
17375	411
17405	403
17435	422
17465	428
17495	414
17525	419
17555	435
17585	436
17615	470
17645	499
17675	450
17705	502
17735	467
17765	471
17795	492
17825	520
17855	507
17885	529
17915	540
17945	495
17975	491
18005	605
18035	571
18065	615
18095	582
18125	559
18155	598
18185	600
18215	608
18245	618
18275	662
18305	639
18335	682
18365	646
18395	664
18425	726
18455	716
18485	701
18515	720
18545	769
18575	773
18605	781
18635	742
18665	791
18695	778
18725	802
18755	863
18785	804
18815	861
18845	877
18875	827
18905	878
18935	849
18965	935
18995	953
19025	980
19055	952
19085	1019
19115	1002
19145	1007
19175	1010
19205	985
19235	1109
19265	1076
19295	1101
19325	1063
19355	1113
19385	1142
19415	1149
19445	1155
19475	1212
19505	1220
19535	1241
19565	1279
19595	1272
19625	1267
19655	1339
19685	1371
19715	1401
19745	1421
19775	1401
19805	1380
19835	1407
19865	1427
19895	1453
19925	1397
19955	1490
19985	1474
20015	1559
20045	1514
20075	1588
20105	1564
20135	1573
20165	1526
20195	1543
20225	1605
20255	1637
20285	1608
20315	1687
20345	1507
20375	1628
20405	1717
20435	1742
20465	1706
20495	1651
20525	1693
20555	1720
20585	1723
20615	1705
20645	1684
20675	1712
20705	1637
20735	1726
20765	1699
20795	1676
20825	1642
20855	1653
20885	1679
20915	1613
20945	1708
20975	1649
21005	1627
21035	1596
21065	1642
21095	1596
21125	1475
21155	1521
21185	1554
21215	1464
21245	1456
21275	1509
21305	1422
21335	1507
21365	1347
21395	1384
21425	1355
21455	1277
21485	1293
21515	1218
21545	1226
21575	1280
21605	1120
21635	1165
21665	1158
21695	1112
21725	1082
21755	1098
21785	1024
21815	971
21845	946
21875	879
21905	875
21935	902
21965	837
21995	773
22025	806
22055	745
22085	747
22115	694
22145	694
22175	679
22205	625
22235	575
22265	570
22295	542
22325	522
22355	558
22385	504
22415	449
22445	443
22475	440
22505	416
22535	405
22565	380
22595	433
22625	346
22655	337
22685	305
22715	327
22745	315
22775	317
22805	295
22835	277
22865	241
22895	243
22925	214
22955	234
22985	217
23015	206
23045	214
23075	214
23105	206
23135	235
23165	197
23195	170
23225	190
23255	180
23285	165
23315	171
23345	138
23375	173
23405	145
23435	158
23465	157
23495	128
23525	150
23555	153
23585	149
23615	136
23645	114
23675	129
23705	122
23735	127
23765	130
23795	130
23825	123
23855	129
23885	123
23915	136
23945	124
23975	119
24005	118
24035	147
24065	126
24095	125
24125	132
24155	130
24185	116
24215	120
24245	105
24275	126
24305	105
24335	108
24365	116
24395	111
24425	101
24455	121
24485	131
24515	127
24545	117
24575	122
24605	104
24635	122
24665	123
24695	131
24725	120
24755	120
24785	148
24815	131
24845	117
24875	101
24905	115
24935	111
24965	121
24995	121
25025	111
25055	136
25085	119
25115	133
25145	127
25175	87
25205	95
25235	115
25265	109
25295	106
25325	114
25355	107
25385	105
25415	128
25445	120
25475	115
25505	88
25535	126
25565	112
25595	108
25625	120
25655	116
25685	129
25715	140
25745	121
25775	110
25805	114
25835	114
25865	105
25895	125
25925	130
25955	93
25985	112
26015	123
26045	107
26075	111
26105	155
26135	130
26165	112
26195	115
26225	111
26255	91
26285	120
26315	115
26345	123
26375	124
26405	110
26435	113
26465	120
26495	132
26525	102
26555	113
26585	121
26615	125
26645	109
26675	110
26705	116
26735	105
26765	103
26795	100
26825	104
26855	92
26885	112
26915	97
26945	99
26975	119
27005	111
27035	119
27065	121
27095	125
27125	113
27155	107
27185	98
27215	112
27245	110
27275	115
27305	106
27335	110
27365	106
27395	117
27425	101
27455	107
27485	114
27515	134
27545	123
27575	106
27605	110
27635	100
27665	113
27695	110
27725	101
27755	96
27785	103
27815	130
27845	120
27875	112
27905	106
27935	119
27965	103
27995	114
28025	98
28055	109
28085	107
28115	118
28145	118
28175	107
28205	109
28235	112
28265	132
28295	120
28325	110
28355	112
28385	106
28415	103
28445	130
28475	104
28505	121
28535	103
28565	118
28595	96
28625	106
28655	111
28685	104
28715	111
28745	117
28775	104
28805	103
28835	117
28865	110
28895	109
28925	114
28955	100
28985	123
29015	102
29045	114
29075	109
29105	107
29135	114
29165	113
29195	105
29225	93
29255	134
29285	100
29315	111
29345	108
29375	127
29405	122
29435	126
29465	111
29495	101
29525	93
29555	109
29585	105
29615	105
29645	98
29675	115
29705	104
29735	105
29765	98
29795	123
29825	126
29855	132
29885	119
29915	98
29945	108
29975	92
30005	119
30035	112
30065	104
30095	113
30125	105
30155	97
30185	126
30215	105
30245	116
30275	107
30305	112
30335	85
30365	107
30395	125
30425	109
30455	99
30485	103
30515	99
30545	110
30575	108
30605	126
30635	117
30665	129
30695	110
30725	91
30755	123
30785	119
30815	125
30845	116
30875	109
30905	134
30935	131
30965	124
30995	136
31025	136
31055	127
31085	115
31115	108
31145	114
31175	130
31205	101
31235	135
31265	107
31295	151
31325	126
31355	110
31385	126
31415	128
31445	131
31475	124
31505	134
31535	146
31565	140
31595	134
31625	138
31655	135
31685	134
31715	135
31745	140
31775	127
31805	133
31835	130
31865	120
31895	113
31925	115
31955	138
31985	133
32015	152
32045	132
32075	147
32105	144
32135	137
32165	159
32195	142
32225	128
32255	139
32285	147
32315	131
32345	150
32375	144
32405	151
32435	143
32465	157
32495	147
32525	167
32555	153
32585	154
32615	181
32645	157
32675	152
32705	156
32735	150
32765	151
32795	148
32825	157
32855	159
32885	164
32915	158
32945	161
32975	171
33005	168
33035	166
33065	161
33095	154
33125	187
33155	147
33185	168
33215	161
33245	175
33275	172
33305	176
33335	162
33365	147
33395	170
33425	190
33455	168
33485	186
33515	193
33545	170
33575	177
33605	189
33635	183
33665	192
33695	185
33725	181
33755	185
33785	185
33815	187
33845	217
33875	206
33905	177
33935	175
33965	184
33995	177
34025	202
34055	199
34085	188
34115	186
34145	199
34175	189
34205	181
34235	213
34265	202
34295	174
34325	185
34355	202
34385	207
34415	214
34445	212
34475	203
34505	212
34535	201
34565	209
34595	210
34625	208
34655	229
34685	181
34715	195
34745	195
34775	221
34805	212
34835	199
34865	204
34895	231
34925	206
34955	212
34985	234
35015	189
35045	198
35075	182
35105	188
35135	190
35165	198
35195	195
35225	190
35255	191
35285	183
35315	220
35345	179
35375	196
35405	224
35435	186
35465	183
35495	186
35525	196
35555	166
35585	170
35615	201
35645	179
35675	173
35705	205
35735	185
35765	178
35795	179
35825	186
35855	178
35885	159
35915	173
35945	167
35975	158
36005	175
36035	193
36065	170
36095	184
36125	177
36155	181
36185	183
36215	192
36245	171
36275	169
36305	195
36335	184
36365	198
36395	186
36425	165
36455	194
36485	219
36515	198
36545	223
36575	217
36605	216
36635	237
36665	229
36695	222
36725	218
36755	283
36785	253
36815	266
36845	267
36875	320
36905	318
36935	291
36965	287
36995	277
37025	306
37055	321
37085	299
37115	312
37145	342
37175	323
37205	322
37235	312
37265	359
37295	321
37325	357
37355	336
37385	303
37415	283
37445	322
37475	288
37505	317
37535	291
37565	292
37595	286
37625	281
37655	256
37685	229
37715	254
37745	230
37775	233
37805	186
37835	197
37865	205
37895	182
37925	173
37955	161
37985	152
38015	156
38045	128
38075	119
38105	105
38135	117
38165	99
38195	109
38225	101
38255	77
38285	58
38315	58
38345	61
38375	52
38405	57
38435	61
38465	40
38495	44
38525	48
38555	48
38585	43
38615	43
38645	51
38675	32
38705	44
38735	44
38765	46
38795	40
38825	47
38855	36
38885	61
38915	33
38945	38
38975	34
39005	29
39035	31
39065	41
39095	28
39125	41
39155	27
39185	27
39215	35
39245	22
39275	18
39305	21
39335	32
39365	25
39395	25
39425	29
39455	27
39485	30
39515	18
39545	36
39575	27
39605	22
39635	28
39665	33
39695	28
39725	22
39755	27
39785	18
39815	17
39845	24
39875	26
39905	20
39935	24
39965	9
39995	22
40025	18
40055	13
40085	28
40115	24
40145	25
40175	18
40205	20
40235	21
40265	24
40295	22
40325	24
40355	30
40385	30
40415	24
40445	23
40475	28
40505	26
40535	35
40565	27
40595	21
40625	28
40655	23
40685	25
40715	25
40745	23
40775	22
40805	17
40835	16
40865	16
40895	14
40925	16
40955	22
40985	13
41015	9
41045	10
41075	11
41105	14
41135	9
41165	4
41195	6
41225	12
41255	5
41285	6
41315	4
41345	2
41375	3
41405	5
41435	2
41465	6
41495	3
41525	0
41555	1
41585	0
41615	0
41645	1
41675	1
41705	0
41735	1
41765	1
41795	0
41825	2
41855	1
41885	2
41915	0
41945	0
41975	0
42005	2
42035	0
42065	0
42095	1
42125	1
42155	0
42185	0
42215	0
42245	0
42275	0
42305	2
42335	0
42365	1
42395	0
42425	0
42455	0
42485	1
42515	0
42545	1
42575	0
42605	0
42635	0
42665	1
42695	0
42725	0
42755	1
42785	0
42815	0
42845	0
42875	1
42905	0
42935	0
42965	0
42995	0
43025	0
43055	0
43085	2
43115	0
43145	0
43175	0
43205	1
43235	0
43265	0
43295	0
43325	2
43355	0
43385	0
43415	1
43445	0
43475	0
43505	0
43535	0
43565	0
43595	0
43625	0
43655	0
43685	0
43715	0
43745	0
43775	0
43805	0
43835	0
43865	0
43895	2
43925	1
43955	0
43985	1
44015	0
44045	0
44075	0
44105	0
44135	1
44165	0
44195	0
44225	0
44255	0
44285	1
44315	0
44345	0
44375	0
44405	1
44435	0
44465	0
44495	0
44525	0
44555	0
44585	0
44615	0
44645	0
44675	1
44705	0
44735	0
44765	0
44795	1
44825	0
44855	1
44885	0
44915	0
44945	0
44975	0
45005	0
45035	0
45065	0
45095	0
45125	0
45155	0
45185	1
45215	0
45245	0
45275	0
45305	2
45335	1
45365	0
45395	0
45425	0
45455	0
45485	0
45515	0
45545	1
45575	1
45605	0
45635	0
45665	0
45695	0
45725	1
45755	0
45785	0
45815	0
45845	0
45875	0
45905	0
45935	0
45965	0
45995	1
46025	0
46055	0
46085	1
46115	1
46145	0
46175	1
46205	0
46235	0
46265	1
46295	0
46325	0
46355	0
46385	0
46415	0
46445	0
46475	0
46505	0
46535	0
46565	0
46595	1
46625	0
46655	0
46685	0
46715	0
46745	1
46775	1
46805	0
46835	0
46865	0
46895	0
46925	0
46955	0
46985	0
47015	0
47045	1
47075	1
47105	1
47135	0
47165	0
47195	0
47225	0
47255	1
47285	0
47315	0
47345	0
47375	0
47405	1
47435	0
47465	0
47495	0
47525	0
47555	0
47585	0
47615	0
47645	0
47675	0
47705	0
47735	0
47765	2
47795	0
47825	1
47855	0
47885	0
47915	0
47945	0
47975	0
48005	1
48035	0
48065	0
48095	0
48125	0
48155	0
48185	0
48215	0
48245	1
48275	0
48305	0
48335	0
48365	0
48395	1
48425	0
48455	0
48485	1
48515	0
48545	0
48575	0
48605	0
48635	0
48665	0
48695	0
48725	0
48755	0
48785	0
48815	0
48845	2
48875	0
48905	0
48935	1
48965	0
48995	0
49025	1
49055	0
49085	0
49115	0
49145	0
49175	0
49205	0
49235	0
49265	1
49295	0
49325	0
49355	0
49385	0
49415	0
49445	0
49475	0
49505	0
49535	0
49565	0
49595	0
49625	0
49655	0
49685	0
49715	0
49745	0
49775	0
49805	0
49835	0
49865	0
49895	0
49925	0
49955	0
49985	0
50015	0
50045	0
50075	2
50105	0
50135	0
50165	0
50195	0
50225	0
50255	0
50285	0
50315	0
50345	0
50375	0
50405	1
50435	0
50465	1
50495	0
50525	0
50555	0
50585	0
50615	0
50645	0
50675	0
50705	1
50735	0
50765	0
50795	0
50825	0
50855	0
50885	0
50915	0
50945	0
50975	0
51005	0
51035	0
51065	1
51095	0
51125	0
51155	0
51185	1
51215	0
51245	0
51275	0
51305	0
51335	0
51365	0
51395	0
51425	0
51455	0
51485	0
51515	0
51545	0
51575	0
51605	0
51635	0
51665	0
51695	0
51725	0
51755	0
51785	0
51815	0
51845	0
51875	0
51905	0
51935	0
51965	0
51995	0
52025	0
52055	0
52085	0
52115	0
52145	0
52175	0
52205	1
52235	0
52265	0
52295	0
52325	1
52355	0
52385	0
52415	0
52445	0
52475	0
52505	0
52535	0
52565	0
52595	0
52625	0
52655	1
52685	0
52715	0
52745	0
52775	0
52805	0
52835	0
52865	0
52895	0
52925	0
52955	0
52985	0
53015	0
53045	0
53075	0
53105	0
53135	0
53165	0
53195	1
53225	1
53255	0
53285	0
53315	0
53345	0
53375	1
53405	0
53435	0
53465	0
53495	0
53525	0
53555	0
53585	0
53615	1
53645	0
53675	0
53705	0
53735	0
53765	0
53795	1
53825	0
53855	0
53885	0
53915	0
53945	0
53975	0
54005	0
54035	0
54065	0
54095	0
54125	0
54155	0
54185	0
54215	1
54245	0
54275	0
54305	0
54335	0
54365	0
54395	0
54425	0
54455	0
54485	0
54515	0
54545	0
54575	0
54605	0
54635	0
54665	0
54695	0
54725	0
54755	0
54785	0
54815	0
54845	0
54875	0
54905	0
54935	0
54965	0
54995	0
55025	0
55055	0
55085	0
55115	0
55145	0
55175	0
55205	0
55235	0
55265	0
55295	0
55325	0
55355	0
55385	0
55415	0
55445	0
55475	0
55505	0
55535	0
55565	0
55595	0
55625	0
55655	0
55685	0
55715	0
55745	0
55775	1
55805	0
55835	0
55865	0
55895	0
55925	0
55955	0
55985	0
56015	0
56045	0
56075	0
56105	0
56135	0
56165	0
56195	0
56225	0
56255	0
56285	0
56315	0
56345	0
56375	0
56405	0
56435	0
56465	0
56495	0
56525	0
56555	0
56585	0
56615	0
56645	0
56675	0
56705	0
56735	0
56765	0
56795	0
56825	0
56855	0
56885	0
56915	0
56945	0
56975	0
57005	0
57035	0
57065	0
57095	0
57125	0
57155	0
57185	0
57215	0
57245	0
57275	0
57305	0
57335	0
57365	0
57395	0
57425	0
57455	0
57485	0
57515	0
57545	0
57575	0
57605	0
57635	0
57665	0
57695	0
57725	0
57755	0
57785	0
57815	0
57845	0
57875	0
57905	0
57935	0
57965	0
57995	0
58025	0
58055	0
58085	0
58115	0
58145	0
58175	0
58205	0
58235	0
58265	0
58295	0
58325	0
58355	0
58385	0
58415	0
58445	0
58475	0
58505	0
58535	0
58565	0
58595	0
58625	0
58655	0
58685	0
58715	0
58745	0
58775	0
58805	0
58835	0
58865	0
58895	0
58925	0
58955	0
58985	0
