-950 	0 	
-850 	0 	
-750 	0 	
-650 	0 	
-550 	0 	
-450 	2 	
-350 	0 	
-250 	8 	
-150 	64 	
-50 	308 	
50 	667 	
150 	810 	
250 	835 	
350 	825 	
450 	874 	
550 	837 	
650 	803 	
750 	832 	
850 	850 	
950 	866 	
1050 	868 	
1150 	921 	
1250 	985 	
1350 	965 	
1450 	1024 	
1550 	1098 	
1650 	1032 	
1750 	1039 	
1850 	1077 	
1950 	1101 	
2050 	1140 	
2150 	1184 	
2250 	1250 	
2350 	1219 	
2450 	1251 	
2550 	1262 	
2650 	1224 	
2750 	1253 	
2850 	1317 	
2950 	1363 	
3050 	1322 	
3150 	1360 	
3250 	1337 	
3350 	1424 	
3450 	1494 	
3550 	1499 	
3650 	1517 	
3750 	1572 	
3850 	1582 	
3950 	1629 	
4050 	1738 	
4150 	1803 	
4250 	1721 	
4350 	1835 	
4450 	1830 	
4550 	1789 	
4650 	1803 	
4750 	1766 	
4850 	1827 	
4950 	1794 	
5050 	1694 	
5150 	1657 	
5250 	1711 	
5350 	1594 	
5450 	1614 	
5550 	1658 	
5650 	1583 	
5750 	1626 	
5850 	1548 	
5950 	1483 	
6050 	1626 	
6150 	1624 	
6250 	1523 	
6350 	1566 	
6450 	1580 	
6550 	1539 	
6650 	1513 	
6750 	1510 	
6850 	1605 	
6950 	1557 	
7050 	1600 	
7150 	1528 	
7250 	1489 	
7350 	1496 	
7450 	1482 	
7550 	1455 	
7650 	1458 	
7750 	1416 	
7850 	1498 	
7950 	1422 	
8050 	1371 	
8150 	1362 	
8250 	1380 	
8350 	1376 	
8450 	1287 	
8550 	1275 	
8650 	1323 	
8750 	1266 	
8850 	1323 	
8950 	1377 	
9050 	1267 	
9150 	1396 	
9250 	1352 	
9350 	1351 	
9450 	1287 	
9550 	1428 	
9650 	1492 	
9750 	1432 	
9850 	1381 	
9950 	1450 	
10050 	1540 	
10150 	1609 	
10250 	1588 	
10350 	1592 	
10450 	1713 	
10550 	1853 	
10650 	1957 	
10750 	1952 	
10850 	1923 	
10950 	2045 	
11050 	2116 	
11150 	2079 	
11250 	2106 	
11350 	2106 	
11450 	2178 	
11550 	2238 	
11650 	2082 	
11750 	2111 	
11850 	2168 	
11950 	2104 	
12050 	2099 	
12150 	2068 	
12250 	2009 	
12350 	2004 	
12450 	2044 	
12550 	1868 	
12650 	1924 	
12750 	1860 	
12850 	1792 	
12950 	1698 	
13050 	1709 	
13150 	1574 	
13250 	1526 	
13350 	1369 	
13450 	1301 	
13550 	1342 	
13650 	1180 	
13750 	1054 	
13850 	1028 	
13950 	1014 	
14050 	874 	
14150 	886 	
14250 	815 	
14350 	775 	
14450 	747 	
14550 	693 	
14650 	658 	
14750 	632 	
14850 	687 	
14950 	621 	
15050 	653 	
15150 	568 	
15250 	598 	
15350 	604 	
15450 	589 	
15550 	523 	
15650 	531 	
15750 	528 	
15850 	508 	
15950 	503 	
16050 	532 	
16150 	460 	
16250 	464 	
16350 	469 	
16450 	419 	
16550 	471 	
16650 	431 	
16750 	399 	
16850 	384 	
16950 	402 	
17050 	404 	
17150 	399 	
17250 	382 	
17350 	368 	
17450 	346 	
17550 	339 	
17650 	416 	
17750 	379 	
17850 	346 	
17950 	357 	
18050 	342 	
18150 	327 	
18250 	344 	
18350 	307 	
18450 	317 	
18550 	325 	
18650 	299 	
18750 	278 	
18850 	294 	
18950 	321 	
19050 	256 	
19150 	261 	
19250 	277 	
19350 	270 	
19450 	245 	
19550 	248 	
19650 	241 	
19750 	245 	
19850 	281 	
19950 	257 	
20050 	233 	
20150 	227 	
20250 	247 	
20350 	205 	
20450 	227 	
20550 	221 	
20650 	213 	
20750 	214 	
20850 	222 	
20950 	229 	
21050 	186 	
21150 	200 	
21250 	172 	
21350 	182 	
21450 	158 	
21550 	176 	
21650 	185 	
21750 	177 	
21850 	172 	
21950 	170 	
22050 	194 	
22150 	158 	
22250 	148 	
22350 	142 	
22450 	146 	
22550 	143 	
22650 	146 	
22750 	149 	
22850 	151 	
22950 	142 	
23050 	113 	
23150 	131 	
23250 	130 	
23350 	136 	
23450 	129 	
23550 	116 	
23650 	141 	
23750 	127 	
23850 	105 	
23950 	84 	
24050 	97 	
24150 	95 	
24250 	83 	
24350 	101 	
24450 	89 	
24550 	100 	
24650 	91 	
24750 	93 	
24850 	70 	
24950 	75 	
25050 	82 	
25150 	65 	
25250 	75 	
25350 	55 	
25450 	69 	
25550 	73 	
25650 	49 	
25750 	60 	
25850 	52 	
25950 	53 	
26050 	41 	
26150 	63 	
26250 	29 	
26350 	36 	
26450 	40 	
26550 	27 	
26650 	21 	
26750 	25 	
26850 	20 	
26950 	16 	
27050 	10 	
27150 	10 	
27250 	8 	
27350 	9 	
27450 	5 	
27550 	2 	
27650 	7 	
27750 	3 	
27850 	2 	
27950 	0 	
28050 	3 	
28150 	2 	
28250 	4 	
28350 	0 	
28450 	1 	
28550 	1 	
28650 	1 	
28750 	0 	
28850 	0 	
28950 	1 	
29050 	1 	
29150 	0 	
29250 	0 	
29350 	2 	
29450 	1 	
29550 	2 	
29650 	0 	
29750 	0 	
29850 	0 	
29950 	0 	
30050 	2 	
30150 	0 	
30250 	0 	
30350 	0 	
30450 	0 	
30550 	1 	
30650 	0 	
30750 	0 	
30850 	0 	
30950 	0 	
31050 	0 	
31150 	0 	
31250 	0 	
31350 	0 	
31450 	0 	
31550 	0 	
31650 	0 	
31750 	0 	
31850 	0 	
31950 	0 	
32050 	0 	
32150 	0 	
32250 	0 	
32350 	0 	
32450 	0 	
32550 	0 	
32650 	0 	
32750 	0 	
32850 	0 	
32950 	1 	
33050 	0 	
33150 	0 	
33250 	0 	
33350 	0 	
33450 	0 	
33550 	0 	
33650 	0 	
33750 	0 	
33850 	0 	
33950 	0 	
